x: -0.3064649316214117
y: -0.3884945202030454
z: 0.7772770237003097
qx: 0.2540527273289095
qy: -0.5867923534145598
qz: 0.3649413017643028
qw: 0.6767198770374053