x: -0.4025182359827998
y: -0.1265569657630733
z: 0.8361282324095367
qx: -0.1775197401599237
qy: -0.5556709310832939
qz: 0.7805343324512514
qw: 0.2246835865555333