x: -0.1976804442940225
y: -0.2056618891364589
z: 0.9165701193400926
qx: 0.707709677781075
qy: -0.3272127938388782
qz: -0.1835425136924606
qw: 0.5986576193373097