x: -0.2658586830556328
y: -0.2746861576717778
z: 0.9000357432657322
qx: 0.7007433537552417
qy: -0.3242511090197761
qz: -0.1865388640509495
qw: 0.6074728164007694