x: 0.0223873352623547
y: -0.6592839854424541
z: 0.2213257138567229
qx: -0.4805959445649488
qy: 0.09737267241071053
qz: 0.8575190986546435
qw: -0.15558629816873