x: -0.5610822385176449
y: -0.1533998285615483
z: 0.6626488478858918
qx: -0.526516131474007
qy: -0.2523161978604845
qz: 0.7072805403038422
qw: -0.3985869251523187