x: -0.3195187678122888
y: -0.1198055668077561
z: 0.7735292499986722
qx: 0.3281007445005192
qy: -0.5595946116689684
qz: 0.4023906661527603
qw: 0.6459764112120496