x: -0.6096718170107116
y: -0.1718230477344648
z: 0.4783542491070621
qx: 0.2961512024183724
qy: -0.3612792779134907
qz: 0.6151972382422745
qw: 0.6350622856976607