x: -0.4271399081716724
y: -0.1430599861012657
z: 0.829804716918797
qx: 0.3589464235067468
qy: -0.5588172519884348
qz: 0.4223766869277012
qw: 0.6168295374508159