x: -0.06198340690284521
y: -0.5643804487085653
z: 0.7424389606887916
qx: -0.3309570080962916
qy: -0.4600295809701693
qz: 0.6851261591748848
qw: 0.4576487620857634