x: -0.05228886258384285
y: -0.5966048340685258
z: 0.6297326848173299
qx: -0.5162030644139057
qy: -0.2408053348996566
qz: 0.7673882083482293
qw: 0.2943849939478096