x: -0.0408249582705556
y: -0.578212868524915
z: 0.2825193346092731
qx: -0.3636844215025929
qy: -0.2418872683929522
qz: 0.7983225030982301
qw: 0.4146147271777701