x: -0.2584020016827204
y: -0.5267216837831061
z: 0.2853910776331119
qx: -0.3411575735953911
qy: -0.1907653197139305
qz: 0.7606729723649892
qw: 0.5182631878557066