x: -0.181586160097531
y: -0.2112778096037166
z: 0.7047199192983765
qx: 0.2320729611563108
qy: -0.5981439255659645
qz: 0.3610552957593205
qw: 0.6767607098619342