x: -0.1109612204858239
y: -0.1357697522566094
z: 0.670415452804358
qx: 0.2176454856293519
qy: -0.5410035344330368
qz: 0.3913257300444832
qw: 0.7119057460937351