x: -0.3069895138756774
y: -0.1640057992849039
z: 0.6955387490020786
qx: 0.6307579596655907
qy: -0.2616748004006004
qz: -0.2229819899536202
qw: 0.6956649533432964