x: -0.1093678208309199
y: -0.2492802702674826
z: 0.717033032908525
qx: -0.636324081541237
qy: -0.09002526354158774
qz: 0.7104905504684732
qw: -0.2866884944848235