x: -0.1188303313322174
y: -0.1574050825988407
z: 0.6214943184869114
qx: 0.2484617796313273
qy: -0.5847106991280946
qz: 0.3849252392016575
qw: 0.6694868950271656