x: -0.1227887242249933
y: -0.1576821899607108
z: 0.625908470649353
qx: 0.3071673048381327
qy: -0.5563452377304974
qz: 0.3064964787291978
qw: 0.7086523349426547