x: -0.1485704213542205
y: -0.1906359810079817
z: 0.6559054763999914
qx: 0.3156563649983492
qy: -0.57193344071394
qz: 0.3006360252350656
qw: 0.6948893285696679