x: -0.141786613571063
y: -0.1597426418606626
z: 0.6284041490304451
qx: 0.3720021481452312
qy: -0.5179620565428016
qz: 0.1846308057287985
qw: 0.747824294425649