x: -0.1289984242425688
y: -0.1458337186404095
z: 0.6596336977851183
qx: 0.08118817232066525
qy: -0.5935702486715571
qz: 0.534660917677396
qw: 0.5960038117961836