x: -0.1901440345279317
y: -0.1995769737499463
z: 0.7512331524050723
qx: -0.0941042172408583
qy: -0.5766256485353658
qz: 0.669011078311386
qw: 0.4594251134246916