x: -0.16134885993297
y: -0.2611187644125064
z: 0.8546323096235864
qx: 0.1598337286684298
qy: -0.6508086331337433
qz: 0.4431155838932158
qw: 0.5954409135502111