x: -0.1376878474180858
y: -0.1420175546357457
z: 0.6222262935407687
qx: -0.2906633009597355
qy: -0.4449667847448198
qz: 0.8269571698919125
qw: 0.183470011482547